source,state,Cost,Error,Entropy,source=3 state=8
1,7,1,1,2.80735492206
2,7,1,1,2.99797699749
0,6,2,1,2.99995682762
1,4,3,1,2.99995682762
2,1,2,1,2.99995682762
0,0,2,0,2.99995682762
1,3,1,1,2.99995682762
2,3,2,1,2.99995682762
0,4,4,1,2.99995682762
1,3,0,1,2.99995682762
2,4,1,1,2.99995682762
0,4,0,1,2.99995682762
1,6,3,1,2.99995682762
2,5,1,1,2.99995682762
0,4,0,1,2.99995682762
1,3,3,1,2.99995682762
2,2,3,1,2.99995682762
0,7,3,1,2.99995682762
1,2,1,1,2.99995682762
2,1,1,1,2.99995682762
0,0,1,0,2.99995682762
1,7,3,1,2.99995682762
2,1,0,1,2.99995682762
0,2,2,1,2.99995682762
1,0,1,0,2.99995682762
2,1,0,1,2.99995682762
0,3,1,1,2.99995682762
1,7,1,1,2.99995682762
2,2,1,1,2.99995682762
0,7,4,1,2.99995682762
1,0,1,0,2.99995682762
2,2,0,1,2.99995682762
0,3,4,1,2.99995682762
1,6,2,1,2.99995682762
2,7,3,1,2.99995682762
0,2,1,1,2.99995682762
1,3,3,1,2.99995682762
2,2,3,1,2.99995682762
0,6,4,1,2.99995682762
1,5,2,1,2.99995682762
2,0,2,0,2.99995682762
0,4,2,1,2.99995682762
1,6,1,1,2.99995682762
2,0,0,1,2.99995682762
0,3,1,1,2.99995682762
1,6,0,1,2.99995682762
2,7,1,1,2.99995682762
0,4,1,1,2.99995682762
1,0,2,0,2.99995682762
2,3,4,1,2.99995682762
0,1,3,1,2.99995682762
1,5,3,1,2.99995682762
2,1,2,1,2.99995682762
0,1,0,1,2.99995682762
1,4,1,1,2.99995682762
2,0,1,0,2.99995682762
0,5,4,1,2.99995682762
1,7,3,1,2.99995682762
2,7,1,1,2.99995682762
0,2,3,1,2.99995682762
1,4,3,1,2.99995682762
2,5,2,1,2.99995682762
0,4,2,1,2.99995682762
1,3,1,1,2.99995682762
2,0,3,0,2.99995682762
0,0,4,0,2.99995682762
1,3,0,1,2.99995682762
2,3,3,1,2.99995682762
0,1,1,0,2.99995682762
1,4,1,1,2.99995682762
2,4,1,1,2.99995682762
0,5,4,1,2.99995682762
1,2,2,1,2.99995682762
2,3,1,1,2.99995682762
0,6,1,1,2.99995682762
1,4,2,1,2.99995682762
2,5,2,1,2.99995682762
0,4,2,1,2.99995682762
1,6,2,1,2.99995682762
2,5,0,1,2.99995682762
0,6,2,1,2.99995682762
1,1,3,1,2.99995682762
2,2,3,1,2.99995682762
0,3,3,1,2.99995682762
1,3,2,1,2.99995682762
2,4,2,1,2.99995682762
0,6,3,1,2.99995682762
1,4,1,1,2.99995682762
2,7,3,1,2.99995682762
0,5,1,1,2.99995682762
1,1,3,1,2.99995682762
2,4,3,1,2.99995682762
0,4,1,1,2.99995682762
1,6,3,1,2.99995682762
2,6,2,1,2.99995682762
0,2,2,1,2.99995682762
1,1,3,1,2.99995682762
2,5,1,1,2.99995682762
0,0,2,0,2.99995682762
1,6,3,1,2.99995682762
2,4,1,1,2.99995682762
0,7,1,1,2.99995682762
1,7,1,1,2.99995682762
2,1,3,1,2.99995682762
0,6,1,1,2.99995682762
1,6,1,1,2.99995682762
2,1,0,1,2.99995682762
0,5,1,1,2.99995682762
1,7,1,1,2.99995682762
2,5,4,1,2.99995682762
0,0,3,0,2.99995682762
1,3,4,1,2.99995682762
2,3,2,1,2.99995682762
0,0,0,1,2.99995682762
1,7,4,1,2.99995682762
2,7,4,1,2.99995682762
0,1,1,0,2.99995682762
1,4,3,1,2.99995682762
2,3,4,1,2.99995682762
0,2,1,1,2.99995682762
1,4,0,1,2.99995682762
2,4,1,1,2.99995682762
0,6,4,1,2.99995682762
1,0,4,0,2.99995682762
2,4,0,1,2.99995682762
0,4,2,1,2.99995682762
1,1,1,0,2.99995682762
2,1,3,1,2.99995682762
0,5,1,1,2.99995682762
1,7,2,1,2.99995682762
2,0,1,0,2.99995682762
0,3,2,1,2.99995682762
1,7,0,1,2.99995682762
2,3,3,1,2.99995682762
0,2,1,1,2.99995682762
1,1,2,1,2.99995682762
2,0,3,0,2.99995682762
0,1,1,1,2.99995682762
1,4,3,1,2.99995682762
2,4,4,1,2.99995682762
0,4,3,1,2.99995682762
1,2,2,1,2.99995682762
2,6,2,1,2.99995682762
0,6,2,1,2.99995682762
1,3,1,1,2.99995682762
2,5,1,1,2.99995682762
0,6,0,1,2.99995682762
1,2,1,1,2.99995682762
2,1,4,1,2.99995682762
0,2,4,1,2.99995682762
1,1,1,1,2.99995682762
2,3,2,1,2.99995682762
0,0,2,0,2.99995682762
1,2,1,1,2.99995682762
2,4,1,1,2.99995682762
0,3,3,1,2.99995682762
1,4,2,1,2.99995682762
2,5,1,1,2.99995682762
0,7,4,1,2.99995682762
1,2,2,1,2.99995682762
2,2,3,1,2.99995682762
0,3,4,1,2.99995682762
1,4,2,1,2.99995682762
2,1,1,1,2.99995682762
0,0,3,0,2.99995682762
1,1,3,1,2.99995682762
2,1,0,1,2.99995682762
0,3,3,1,2.99995682762
1,5,4,1,2.99995682762
2,2,1,1,2.99995682762
0,7,4,1,2.99995682762
1,6,1,1,2.99995682762
2,4,2,1,2.99995682762
0,2,3,1,2.99995682762
1,1,3,1,2.99995682762
2,5,1,1,2.99995682762
0,5,3,1,2.99995682762
1,0,1,0,2.99995682762
2,6,1,1,2.99995682762
0,7,2,1,2.99995682762
1,5,3,1,2.99995682762
2,5,1,1,2.99995682762
0,6,1,1,2.99995682762
1,7,2,1,2.99995682762
2,2,3,1,2.99995682762
0,0,2,0,2.99995682762
1,2,3,1,2.99995682762
2,1,1,1,2.99995682762
0,3,3,1,2.99995682762
1,4,2,1,2.99995682762
2,6,3,1,2.99995682762
0,7,4,1,2.99995682762
1,2,2,1,2.99995682762
2,7,1,1,2.99995682762
0,1,2,1,2.99995682762
1,3,1,1,2.99995682762
2,1,2,1,2.99995682762
0,2,1,1,2.99995682762
1,0,3,0,2.99995682762
2,1,0,1,2.99995682762
0,3,1,1,2.99995682762
1,3,3,1,2.99995682762
2,2,1,1,2.99995682762
0,0,3,0,2.99995682762
1,7,4,1,2.99995682762
2,1,1,1,2.99995682762
0,1,1,0,2.99995682762
1,0,1,0,2.99995682762
2,2,1,1,2.99995682762
0,2,1,1,2.99995682762
1,4,4,1,2.99995682762
2,4,2,1,2.99995682762
0,6,4,1,2.99995682762
1,6,2,1,2.99995682762
2,7,3,1,2.99995682762
0,4,2,1,2.99995682762
1,7,1,1,2.99995682762
2,6,1,1,2.99995682762
0,1,3,1,2.99995682762
1,5,2,1,2.99995682762
2,7,1,1,2.99995682762
0,7,2,1,2.99995682762
1,6,1,1,2.99995682762
2,5,2,1,2.99995682762
0,7,0,1,2.99995682762
1,1,3,1,2.99995682762
2,5,0,1,2.99995682762
0,0,1,0,2.99995682762
1,5,4,1,2.99995682762
2,5,0,1,2.99995682762
0,5,3,1,2.99995682762
1,3,2,1,2.99995682762
2,3,2,1,2.99995682762
0,6,1,1,2.99995682762
1,3,0,1,2.99995682762
2,2,1,1,2.99995682762
0,0,2,0,2.99995682762
1,5,2,1,2.99995682762
2,6,4,1,2.99995682762
0,4,4,1,2.99995682762
1,5,0,1,2.99995682762
2,5,1,1,2.99995682762
0,4,0,1,2.99995682762
1,1,4,1,2.99995682762
2,2,3,1,2.99995682762
0,5,1,1,2.99995682762
1,6,3,1,2.99995682762
2,0,2,0,2.99995682762
0,3,2,1,2.99995682762
1,4,2,1,2.99995682762
2,5,3,1,2.99995682762
0,3,0,1,2.99995682762
1,4,0,1,2.99995682762
2,3,2,1,2.99995682762
0,2,1,1,2.99995682762
1,2,2,1,2.99995682762
2,6,3,1,2.99995682762
0,0,2,0,2.99995682762
1,0,2,0,2.99995682762
2,5,1,1,2.99995682762
0,2,2,1,2.99995682762
1,7,1,1,2.99995682762
2,1,4,1,2.99995682762
0,3,1,1,2.99995682762
1,3,4,1,2.99995682762
2,4,3,1,2.99995682762
0,1,2,1,2.99995682762
1,7,4,1,2.99995682762
2,5,1,1,2.99995682762
0,7,2,1,2.99995682762
1,5,2,1,2.99995682762
2,5,0,1,2.99995682762
0,4,3,1,2.99995682762
1,1,4,1,2.99995682762
2,2,3,1,2.99995682762
0,1,3,1,2.99995682762
1,5,4,1,2.99995682762
2,6,4,1,2.99995682762
0,1,0,1,2.99995682762
1,0,3,0,2.99995682762
2,3,3,1,2.99995682762
0,7,2,1,2.99995682762
1,1,1,0,2.99995682762
2,4,1,1,2.99995682762
0,6,1,1,2.99995682762
1,1,0,1,2.99995682762
2,2,2,1,2.99995682762
0,1,3,1,2.99995682762
1,3,2,1,2.99995682762
2,7,3,1,2.99995682762
0,5,4,1,2.99995682762
1,0,3,0,2.99995682762
2,2,3,1,2.99995682762
0,5,0,1,2.99995682762
1,7,1,1,2.99995682762
2,2,0,1,2.99995682762
0,4,1,1,2.99995682762
1,1,2,1,2.99995682762
2,2,0,1,2.99995682762
0,1,3,1,2.99995682762
1,1,0,1,2.99995682762
2,2,0,1,2.99995682762
0,0,1,0,2.99995682762
1,2,1,1,2.99995682762
2,0,2,0,2.99995682762
0,0,0,1,2.99995682762
1,7,3,1,2.99995682762
2,2,2,1,2.99995682762
0,5,3,1,2.99995682762
1,2,3,1,2.99995682762
2,3,1,1,2.99995682762
0,6,1,1,2.99995682762
1,6,4,1,2.99995682762
2,4,1,1,2.99995682762
0,2,4,1,2.99995682762
1,2,4,1,2.99995682762
2,7,3,1,2.99995682762
0,0,2,0,2.99995682762
1,3,1,1,2.99995682762
2,0,1,0,2.99995682762
0,5,3,1,2.99995682762
1,7,4,1,2.99995682762
2,4,4,1,2.99995682762
0,2,3,1,2.99995682762
1,2,3,1,2.99995682762
2,5,1,1,2.99995682762
0,1,1,1,2.99995682762
1,5,3,1,2.99995682762
2,1,4,1,2.99995682762
0,2,1,1,2.99995682762
1,7,2,1,2.99995682762
2,2,1,1,2.99995682762
0,7,3,1,2.99995682762
1,7,0,1,2.99995682762
2,1,1,1,2.99995682762
0,0,1,0,2.99995682762
1,2,3,1,2.99995682762
2,5,4,1,2.99995682762
0,7,1,1,2.99995682762
1,2,0,1,2.99995682762
2,2,3,1,2.99995682762
0,1,2,1,2.99995682762
1,6,4,1,2.99995682762
2,3,1,1,2.99995682762
0,3,2,1,2.99995682762
1,1,3,1,2.99995682762
2,0,3,0,2.99995682762
0,5,2,1,2.99995682762
1,3,2,1,2.99995682762
2,6,2,1,2.99995682762
0,0,3,0,2.99995682762
1,6,3,1,2.99995682762
2,6,0,1,2.99995682762
0,2,2,1,2.99995682762
1,2,4,1,2.99995682762
2,5,1,1,2.99995682762
0,5,3,1,2.99995682762
1,6,4,1,2.99995682762
2,0,3,0,2.99995682762
0,3,2,1,2.99995682762
1,6,0,1,2.99995682762
2,7,1,1,2.99995682762
0,5,2,1,2.99995682762
1,6,0,1,2.99995682762
2,0,1,0,2.99995682762
0,7,2,1,2.99995682762
1,2,4,1,2.99995682762
2,1,1,0,2.99995682762
0,5,2,1,2.99995682762
1,0,2,0,2.99995682762
2,3,2,1,2.99995682762
0,5,0,1,2.99995682762
1,0,0,1,2.99995682762
2,2,1,1,2.99995682762
0,1,4,1,2.99995682762
1,0,0,1,2.99995682762
2,7,3,1,2.99995682762
0,0,1,0,2.99995682762
1,3,3,1,2.99995682762
2,2,3,1,2.99995682762
0,7,1,1,2.99995682762
1,4,1,1,2.99995682762
2,5,3,1,2.99995682762
0,3,4,1,2.99995682762
1,5,1,1,2.99995682762
2,0,3,0,2.99995682762
0,4,1,1,2.99995682762
1,6,1,1,2.99995682762
2,4,4,1,2.99995682762
0,3,1,1,2.99995682762
1,0,2,0,2.99995682762
2,5,1,1,2.99995682762
0,5,2,1,2.99995682762
1,5,3,1,2.99995682762
2,1,4,1,2.99995682762
0,3,2,1,2.99995682762
1,3,2,1,2.99995682762
2,2,1,1,2.99995682762
0,3,0,1,2.99995682762
1,0,3,0,2.99995682762
2,4,2,1,2.99995682762
0,3,0,1,2.99995682762
1,3,3,1,2.99995682762
2,1,3,1,2.99995682762
0,3,0,1,2.99995682762
1,5,2,1,2.99995682762
2,5,4,1,2.99995682762
0,6,3,1,2.99995682762
1,0,3,0,2.99995682762
2,1,4,1,2.99995682762
0,4,2,1,2.99995682762
1,7,1,1,2.99995682762
2,6,3,1,2.99995682762
0,3,1,1,2.99995682762
1,7,0,1,2.99995682762
2,1,3,1,2.99995682762
0,2,1,1,2.99995682762
1,0,1,0,2.99995682762
2,2,1,1,2.99995682762
0,1,1,1,2.99995682762
1,2,2,1,2.99995682762
2,7,3,1,2.99995682762
0,2,1,1,2.99995682762
1,0,2,0,2.99995682762
2,5,2,1,2.99995682762
0,7,3,1,2.99995682762
1,4,4,1,2.99995682762
2,5,0,1,2.99995682762
0,7,0,1,2.99995682762
1,3,1,1,2.99995682762
2,6,1,1,2.99995682762
0,0,1,0,2.99995682762
1,4,1,1,2.99995682762
2,3,3,1,2.99995682762
0,7,1,1,2.99995682762
1,2,2,1,2.99995682762
2,2,1,1,2.99995682762
0,2,3,1,2.99995682762
1,0,2,0,2.99995682762
2,2,0,1,2.99995682762
0,1,1,1,2.99995682762
1,6,2,1,2.99995682762
2,0,2,0,2.99995682762
0,0,1,0,2.99995682762
1,4,2,1,2.99995682762
2,4,4,1,2.99995682762
0,3,3,1,2.99995682762
1,1,3,1,2.99995682762
2,4,0,1,2.99995682762
0,6,3,1,2.99995682762
1,6,3,1,2.99995682762
2,7,3,1,2.99995682762
0,6,0,1,2.99995682762
1,7,1,1,2.99995682762
2,2,3,1,2.99995682762
0,1,3,1,2.99995682762
1,5,2,1,2.99995682762
2,4,2,1,2.99995682762
0,0,1,0,2.99995682762
1,7,2,1,2.99995682762
2,5,1,1,2.99995682762
0,3,3,1,2.99995682762
1,5,2,1,2.99995682762
2,3,2,1,2.99995682762
0,1,2,1,2.99995682762
1,3,2,1,2.99995682762
2,3,0,1,2.99995682762
0,0,1,0,2.99995682762
1,0,3,0,2.99995682762
2,6,3,1,2.99995682762
0,6,2,1,2.99995682762
1,5,3,1,2.99995682762
2,1,3,1,2.99995682762
0,5,1,1,2.99995682762
1,0,3,0,2.99995682762
2,7,2,1,2.99995682762
0,0,3,0,2.99995682762
1,4,4,1,2.99995682762
2,0,1,0,2.99995682762
0,4,4,1,2.99995682762
1,0,4,0,2.99995682762
2,5,3,1,2.99995682762
0,4,0,1,2.99995682762
1,3,3,1,2.99995682762
2,2,3,1,2.99995682762
0,3,1,1,2.99995682762
1,6,3,1,2.99995682762
2,2,0,1,2.99995682762
0,1,2,1,2.99995682762
1,5,1,1,2.99995682762
2,4,2,1,2.99995682762
0,4,3,1,2.99995682762
1,3,2,1,2.99995682762
2,1,3,1,2.99995682762
0,6,2,1,2.99995682762
1,5,2,1,2.99995682762
2,6,3,1,2.99995682762
0,4,2,1,2.99995682762
1,5,0,1,2.99995682762
2,2,4,1,2.99995682762
0,2,2,1,2.99995682762
1,3,2,1,2.99995682762
2,4,2,1,2.99995682762
0,7,3,1,2.99995682762
1,2,1,1,2.99995682762
2,1,3,1,2.99995682762
0,1,2,1,2.99995682762
1,6,4,1,2.99995682762
2,0,1,0,2.99995682762
0,0,1,0,2.99995682762
1,7,1,1,2.99995682762
2,7,1,1,2.99995682762
0,6,2,1,2.99995682762
1,1,2,1,2.99995682762
2,1,2,1,2.99995682762
0,5,1,1,2.99995682762
1,0,1,0,2.99995682762
2,3,2,1,2.99995682762
0,7,2,1,2.99995682762
1,5,3,1,2.99995682762
2,2,1,1,2.99995682762
0,6,1,1,2.99995682762
1,0,3,0,2.99995682762
2,5,3,1,2.99995682762
0,5,1,1,2.99995682762
1,7,1,1,2.99995682762
2,7,2,1,2.99995682762
0,1,4,1,2.99995682762
1,3,4,1,2.99995682762
2,2,3,1,2.99995682762
0,6,3,1,2.99995682762
1,4,1,1,2.99995682762
2,5,3,1,2.99995682762
0,0,2,0,2.99995682762
1,2,2,1,2.99995682762
2,6,1,1,2.99995682762
0,0,0,1,2.99995682762
1,2,0,1,2.99995682762
2,1,3,1,2.99995682762
0,6,2,1,2.99995682762
1,0,2,0,2.99995682762
2,1,0,1,2.99995682762
0,4,2,1,2.99995682762
1,5,3,1,2.99995682762
2,2,1,1,2.99995682762
0,6,2,1,2.99995682762
1,7,2,1,2.99995682762
2,6,4,1,2.99995682762
0,0,2,0,2.99995682762
1,5,2,1,2.99995682762
2,2,4,1,2.99995682762
0,5,3,1,2.99995682762
1,4,1,1,2.99995682762
2,5,3,1,2.99995682762
0,1,4,1,2.99995682762
1,6,2,1,2.99995682762
2,6,1,1,2.99995682762
0,7,2,1,2.99995682762
1,7,1,1,2.99995682762
2,3,3,1,2.99995682762
0,3,4,1,2.99995682762
1,3,4,1,2.99995682762
2,2,1,1,2.99995682762
0,4,1,1,2.99995682762
1,6,3,1,2.99995682762
2,0,2,0,2.99995682762
0,1,3,1,2.99995682762
1,4,2,1,2.99995682762
2,4,4,1,2.99995682762
0,3,2,1,2.99995682762
1,4,0,1,2.99995682762
2,6,2,1,2.99995682762
0,6,3,1,2.99995682762
1,2,2,1,2.99995682762
2,4,2,1,2.99995682762
0,3,3,1,2.99995682762
1,1,1,1,2.99995682762
2,2,2,1,2.99995682762
0,7,4,1,2.99995682762
1,2,1,1,2.99995682762
2,0,2,0,2.99995682762
0,4,3,1,2.99995682762
1,6,4,1,2.99995682762
2,2,2,1,2.99995682762
0,0,4,0,2.99995682762
1,3,3,1,2.99995682762
2,6,4,1,2.99995682762
0,5,3,1,2.99995682762
1,2,1,1,2.99995682762
2,7,1,1,2.99995682762
0,6,1,1,2.99995682762
1,2,0,1,2.99995682762
2,7,0,1,2.99995682762
0,3,3,1,2.99995682762
1,2,0,1,2.99995682762
2,2,3,1,2.99995682762
0,7,4,1,2.99995682762
1,6,4,1,2.99995682762
2,6,4,1,2.99995682762
0,5,2,1,2.99995682762
1,5,1,1,2.99995682762
2,0,2,0,2.99995682762
0,3,2,1,2.99995682762
1,6,1,1,2.99995682762
2,7,1,1,2.99995682762
0,4,1,1,2.99995682762
1,5,1,1,2.99995682762
2,7,0,1,2.99995682762
0,4,0,1,2.99995682762
1,4,1,1,2.99995682762
2,3,4,1,2.99995682762
0,2,2,1,2.99995682762
1,5,1,1,2.99995682762
2,3,0,1,2.99995682762
0,0,2,0,2.99995682762
1,1,4,1,2.99995682762
2,7,4,1,2.99995682762
0,5,3,1,2.99995682762
1,4,3,1,2.99995682762
2,2,3,1,2.99995682762
0,0,3,0,2.99995682762
1,5,1,1,2.99995682762
2,2,0,1,2.99995682762
0,7,1,1,2.99995682762
1,7,2,1,2.99995682762
2,6,4,1,2.99995682762
0,3,4,1,2.99995682762
1,2,3,1,2.99995682762
2,3,3,1,2.99995682762
0,6,3,1,2.99995682762
1,4,2,1,2.99995682762
2,6,3,1,2.99995682762
0,3,3,1,2.99995682762
1,3,1,1,2.99995682762
2,5,1,1,2.99995682762
0,4,1,1,2.99995682762
1,0,3,0,2.99995682762
2,2,3,1,2.99995682762
0,2,2,1,2.99995682762
1,0,0,1,2.99995682762
2,0,2,0,2.99995682762
0,3,1,1,2.99995682762
1,1,1,0,2.99995682762
2,2,2,1,2.99995682762
0,1,2,1,2.99995682762
1,3,2,1,2.99995682762
2,7,3,1,2.99995682762
0,3,2,1,2.99995682762
1,1,2,1,2.99995682762
2,4,3,1,2.99995682762
0,0,3,0,2.99995682762
1,0,1,0,2.99995682762
2,5,1,1,2.99995682762
0,4,4,1,2.99995682762
1,4,4,1,2.99995682762
2,2,3,1,2.99995682762
0,2,2,1,2.99995682762
1,6,2,1,2.99995682762
2,4,2,1,2.99995682762
0,2,0,1,2.99995682762
1,5,1,1,2.99995682762
2,5,1,1,2.99995682762
0,5,3,1,2.99995682762
1,5,0,1,2.99995682762
2,6,1,1,2.99995682762
0,4,1,1,2.99995682762
1,4,1,1,2.99995682762
2,6,0,1,2.99995682762
0,4,0,1,2.99995682762
1,3,1,1,2.99995682762
2,1,3,1,2.99995682762
0,4,0,1,2.99995682762
1,5,2,1,2.99995682762
2,5,4,1,2.99995682762
0,6,2,1,2.99995682762
1,6,1,1,2.99995682762
2,2,3,1,2.99995682762
0,5,1,1,2.99995682762
1,0,2,0,2.99995682762
2,4,2,1,2.99995682762
0,0,3,0,2.99995682762
1,7,1,1,2.99995682762
2,3,1,1,2.99995682762
0,7,1,1,2.99995682762
1,4,3,1,2.99995682762
2,4,1,1,2.99995682762
0,2,3,1,2.99995682762
1,2,2,1,2.99995682762
2,4,0,1,2.99995682762
0,4,2,1,2.99995682762
1,3,1,1,2.99995682762
2,7,3,1,2.99995682762
0,2,2,1,2.99995682762
1,7,4,1,2.99995682762
2,3,4,1,2.99995682762
0,3,1,1,2.99995682762
1,7,0,1,2.99995682762
2,3,0,1,2.99995682762
0,6,3,1,2.99995682762
1,5,2,1,2.99995682762
2,2,1,1,2.99995682762
0,1,3,1,2.99995682762
1,7,2,1,2.99995682762
2,6,4,1,2.99995682762
0,7,2,1,2.99995682762
1,2,3,1,2.99995682762
2,0,2,0,2.99995682762
0,1,2,1,2.99995682762
1,3,1,1,2.99995682762
2,2,2,1,2.99995682762
0,3,2,1,2.99995682762
1,7,4,1,2.99995682762
2,2,0,1,2.99995682762
0,0,3,0,2.99995682762
1,2,3,1,2.99995682762
2,4,2,1,2.99995682762
0,5,3,1,2.99995682762
1,4,2,1,2.99995682762
2,5,1,1,2.99995682762
0,6,1,1,2.99995682762
1,6,2,1,2.99995682762
2,6,1,1,2.99995682762
0,4,2,1,2.99995682762
1,4,2,1,2.99995682762
2,5,1,1,2.99995682762
0,7,3,1,2.99995682762
1,4,0,1,2.99995682762
2,5,0,1,2.99995682762
0,0,1,0,2.99995682762
1,1,3,1,2.99995682762
2,4,1,1,2.99995682762
0,7,1,1,2.99995682762
1,5,4,1,2.99995682762
2,1,3,1,2.99995682762
0,1,2,1,2.99995682762
1,0,3,0,2.99995682762
2,6,3,1,2.99995682762
0,3,2,1,2.99995682762
1,7,1,1,2.99995682762
2,2,4,1,2.99995682762
0,2,1,1,2.99995682762
1,6,1,1,2.99995682762
2,1,1,1,2.99995682762
0,5,3,1,2.99995682762
1,1,3,1,2.99995682762
2,5,4,1,2.99995682762
0,7,2,1,2.99995682762
1,5,4,1,2.99995682762
2,4,1,1,2.99995682762
0,1,2,1,2.99995682762
1,2,3,1,2.99995682762
2,3,1,1,2.99995682762
0,2,1,1,2.99995682762
1,2,0,1,2.99995682762
2,1,2,1,2.99995682762
0,7,3,1,2.99995682762
1,1,1,1,2.99995682762
2,4,3,1,2.99995682762
0,0,1,0,2.99995682762
1,0,1,0,2.99995682762
2,6,2,1,2.99995682762
0,0,0,1,2.99995682762
1,4,4,1,2.99995682762
2,1,3,1,2.99995682762
0,2,2,1,2.99995682762
1,5,1,1,2.99995682762
2,6,3,1,2.99995682762
0,4,2,1,2.99995682762
1,0,3,0,2.99995682762
2,1,3,1,2.99995682762
0,6,2,1,2.99995682762
1,4,4,1,2.99995682762
2,1,0,1,2.99995682762
0,5,1,1,2.99995682762
1,4,0,1,2.99995682762
2,5,4,1,2.99995682762
0,4,1,1,2.99995682762
1,4,0,1,2.99995682762
2,0,3,0,2.99995682762
0,7,3,1,2.99995682762
1,4,0,1,2.99995682762
2,5,3,1,2.99995682762
0,0,1,0,2.99995682762
1,5,1,1,2.99995682762
2,6,1,1,2.99995682762
0,5,3,1,2.99995682762
1,4,1,1,2.99995682762
2,0,2,0,2.99995682762
0,0,3,0,2.99995682762
1,5,1,1,2.99995682762
2,4,4,1,2.99995682762
0,5,3,1,2.99995682762
1,4,1,1,2.99995682762
2,2,2,1,2.99995682762
0,6,1,1,2.99995682762
1,4,0,1,2.99995682762
2,0,2,0,2.99995682762
0,5,1,1,2.99995682762
1,6,2,1,2.99995682762
2,7,1,1,2.99995682762
0,1,4,1,2.99995682762
1,1,3,1,2.99995682762
2,1,2,1,2.99995682762
0,3,2,1,2.99995682762
1,6,3,1,2.99995682762
2,3,2,1,2.99995682762
0,5,2,1,2.99995682762
1,5,1,1,2.99995682762
2,0,3,0,2.99995682762
0,3,2,1,2.99995682762
1,4,1,1,2.99995682762
2,2,2,1,2.99995682762
0,4,1,1,2.99995682762
1,4,0,1,2.99995682762
2,5,3,1,2.99995682762
0,5,1,1,2.99995682762
1,5,1,1,2.99995682762
2,7,2,1,2.99995682762
0,0,3,0,2.99995682762
1,6,1,1,2.99995682762
2,2,3,1,2.99995682762
0,5,3,1,2.99995682762
1,2,4,1,2.99995682762
2,2,0,1,2.99995682762
0,4,1,1,2.99995682762
1,2,0,1,2.99995682762
2,6,4,1,2.99995682762
0,6,2,1,2.99995682762
1,3,1,1,2.99995682762
2,0,2,0,2.99995682762
0,0,2,0,2.99995682762
1,1,2,1,2.99995682762
2,5,3,1,2.99995682762
0,3,3,1,2.99995682762
1,5,4,1,2.99995682762
2,6,1,1,2.99995682762
0,3,0,1,2.99995682762
1,6,1,1,2.99995682762
2,7,1,1,2.99995682762
0,1,2,1,2.99995682762
1,7,1,1,2.99995682762
2,5,2,1,2.99995682762
0,5,4,1,2.99995682762
1,7,0,1,2.99995682762
2,7,2,1,2.99995682762
0,4,1,1,2.99995682762
1,2,3,1,2.99995682762
2,7,0,1,2.99995682762
0,1,3,1,2.99995682762
1,4,2,1,2.99995682762
2,3,4,1,2.99995682762
0,5,4,1,2.99995682762
1,0,4,0,2.99995682762
2,6,3,1,2.99995682762
0,1,4,1,2.99995682762
1,1,1,0,2.99995682762
2,2,4,1,2.99995682762
0,0,1,0,2.99995682762
1,5,4,1,2.99995682762
2,5,3,1,2.99995682762
0,4,4,1,2.99995682762
1,3,2,1,2.99995682762
2,7,2,1,2.99995682762
0,2,2,1,2.99995682762
1,7,4,1,2.99995682762
2,4,3,1,2.99995682762
0,3,1,1,2.99995682762
1,1,2,1,2.99995682762
2,4,0,1,2.99995682762
0,1,2,1,2.99995682762
1,7,2,1,2.99995682762
2,3,1,1,2.99995682762
0,7,2,1,2.99995682762
1,3,4,1,2.99995682762
2,5,2,1,2.99995682762
0,3,4,1,2.99995682762
1,7,4,1,2.99995682762
2,3,2,1,2.99995682762
0,4,1,1,2.99995682762
1,1,2,1,2.99995682762
2,3,0,1,2.99995682762
0,4,0,1,2.99995682762
1,4,3,1,2.99995682762
2,6,3,1,2.99995682762
0,6,2,1,2.99995682762
1,3,1,1,2.99995682762
2,7,1,1,2.99995682762
0,7,1,1,2.99995682762
1,2,1,1,2.99995682762
2,1,2,1,2.99995682762
0,7,0,1,2.99995682762
1,7,3,1,2.99995682762
2,1,0,1,2.99995682762
0,7,0,1,2.99995682762
1,5,2,1,2.99995682762
2,7,2,1,2.99995682762
0,6,1,1,2.99995682762
1,3,2,1,2.99995682762
2,4,3,1,2.99995682762
0,1,3,1,2.99995682762
1,7,4,1,2.99995682762
2,2,2,1,2.99995682762
0,2,1,1,2.99995682762
1,5,2,1,2.99995682762
2,1,1,1,2.99995682762
0,1,1,1,2.99995682762
1,5,0,1,2.99995682762
2,4,3,1,2.99995682762
0,7,2,1,2.99995682762
1,5,0,1,2.99995682762
2,2,2,1,2.99995682762
0,7,0,1,2.99995682762
1,1,4,1,2.99995682762
2,3,1,1,2.99995682762
0,3,4,1,2.99995682762
1,5,4,1,2.99995682762
2,0,3,0,2.99995682762
0,6,3,1,2.99995682762
1,7,2,1,2.99995682762
2,3,3,1,2.99995682762
0,0,2,0,2.99995682762
1,1,2,1,2.99995682762
2,7,4,1,2.99995682762
0,4,4,1,2.99995682762
1,6,3,1,2.99995682762
2,3,4,1,2.99995682762
0,4,0,1,2.99995682762
1,1,3,1,2.99995682762
2,4,1,1,2.99995682762
0,6,2,1,2.99995682762
1,4,3,1,2.99995682762
2,1,3,1,2.99995682762
0,5,1,1,2.99995682762
1,1,3,1,2.99995682762
2,0,1,0,2.99995682762
0,0,3,0,2.99995682762
1,3,2,1,2.99995682762
2,0,0,1,2.99995682762
0,0,0,1,2.99995682762
1,1,2,1,2.99995682762
2,7,1,1,2.99995682762
0,6,2,1,2.99995682762
1,4,3,1,2.99995682762
2,4,3,1,2.99995682762
0,2,4,1,2.99995682762
1,0,4,0,2.99995682762
2,6,2,1,2.99995682762
0,7,3,1,2.99995682762
1,6,2,1,2.99995682762
2,1,3,1,2.99995682762
0,1,2,1,2.99995682762
1,7,1,1,2.99995682762
2,1,0,1,2.99995682762
0,7,2,1,2.99995682762
1,7,0,1,2.99995682762
2,6,3,1,2.99995682762
0,6,1,1,2.99995682762
1,0,1,0,2.99995682762
2,2,4,1,2.99995682762
0,4,2,1,2.99995682762
1,5,3,1,2.99995682762
2,4,2,1,2.99995682762
0,4,0,1,2.99995682762
1,2,3,1,2.99995682762
2,2,2,1,2.99995682762
0,0,4,0,2.99995682762
1,7,3,1,2.99995682762
2,6,4,1,2.99995682762
0,0,0,1,2.99995682762
1,7,0,1,2.99995682762
2,6,0,1,2.99995682762
0,7,1,1,2.99995682762
1,6,1,1,2.99995682762
2,2,4,1,2.99995682762
0,4,3,1,2.99995682762
1,7,1,1,2.99995682762
2,5,3,1,2.99995682762
0,4,0,1,2.99995682762
1,2,3,1,2.99995682762
2,1,4,1,2.99995682762
0,3,1,1,2.99995682762
1,2,0,1,2.99995682762
2,1,0,1,2.99995682762
0,7,4,1,2.99995682762
1,2,0,1,2.99995682762
2,3,2,1,2.99995682762
0,3,4,1,2.99995682762
1,7,3,1,2.99995682762
2,1,2,1,2.99995682762
0,3,0,1,2.99995682762
1,0,1,0,2.99995682762
2,5,4,1,2.99995682762
0,2,1,1,2.99995682762
1,5,3,1,2.99995682762
2,7,2,1,2.99995682762
0,0,2,0,2.99995682762
1,0,3,0,2.99995682762
2,4,3,1,2.99995682762
0,0,0,1,2.99995682762
1,0,0,1,2.99995682762
2,2,2,1,2.99995682762
0,6,2,1,2.99995682762
1,3,3,1,2.99995682762
2,7,3,1,2.99995682762
0,0,2,0,2.99995682762
1,7,4,1,2.99995682762
2,5,2,1,2.99995682762
0,1,1,0,2.99995682762
1,5,2,1,2.99995682762
2,7,2,1,2.99995682762
0,6,3,1,2.99995682762
1,4,1,1,2.99995682762
2,2,3,1,2.99995682762
0,3,3,1,2.99995682762
1,7,3,1,2.99995682762
2,3,1,1,2.99995682762
0,3,0,1,2.99995682762
1,1,2,1,2.99995682762
2,2,1,1,2.99995682762
0,6,3,1,2.99995682762
1,0,1,0,2.99995682762
2,3,1,1,2.99995682762
0,7,1,1,2.99995682762
1,6,2,1,2.99995682762
2,3,0,1,2.99995682762
0,2,3,1,2.99995682762
1,4,2,1,2.99995682762
2,4,1,1,2.99995682762
0,7,3,1,2.99995682762
1,4,0,1,2.99995682762
2,1,3,1,2.99995682762
0,2,3,1,2.99995682762
1,5,1,1,2.99995682762
2,3,2,1,2.99995682762
0,1,1,1,2.99995682762
1,6,1,1,2.99995682762
2,5,2,1,2.99995682762
0,5,4,1,2.99995682762
1,0,2,0,2.99995682762
2,5,0,1,2.99995682762
0,5,0,1,2.99995682762
1,1,1,0,2.99995682762
2,5,0,1,2.99995682762
0,1,4,1,2.99995682762
1,1,0,1,2.99995682762
2,7,2,1,2.99995682762
0,2,1,1,2.99995682762
1,2,1,1,2.99995682762
2,3,4,1,2.99995682762
0,5,3,1,2.99995682762
1,3,1,1,2.99995682762
2,1,2,1,2.99995682762
0,6,1,1,2.99995682762
1,6,3,1,2.99995682762
2,1,0,1,2.99995682762
0,7,1,1,2.99995682762
1,0,2,0,2.99995682762
2,7,2,1,2.99995682762
0,6,1,1,2.99995682762
1,1,1,0,2.99995682762
2,3,4,1,2.99995682762
0,6,0,1,2.99995682762
1,6,3,1,2.99995682762
2,0,3,0,2.99995682762
0,3,3,1,2.99995682762
1,2,4,1,2.99995682762
2,2,2,1,2.99995682762
0,1,2,1,2.99995682762
1,5,3,1,2.99995682762
2,0,2,0,2.99995682762
0,3,2,1,2.99995682762
1,4,1,1,2.99995682762
2,5,3,1,2.99995682762
0,4,1,1,2.99995682762
1,4,0,1,2.99995682762
2,5,0,1,2.99995682762
0,4,0,1,2.99995682762
1,1,3,1,2.99995682762
2,0,3,0,2.99995682762
0,4,0,1,2.99995682762
1,4,3,1,2.99995682762
2,2,2,1,2.99995682762
0,1,3,1,2.99995682762
1,0,4,0,2.99995682762
2,0,2,0,2.99995682762
0,0,1,0,2.99995682762
1,2,2,1,2.99995682762
2,6,2,1,2.99995682762
0,3,3,1,2.99995682762
1,4,2,1,2.99995682762
2,2,4,1,2.99995682762
0,5,2,1,2.99995682762
1,5,1,1,2.99995682762
2,0,2,0,2.99995682762
0,4,1,1,2.99995682762
1,2,3,1,2.99995682762
2,4,4,1,2.99995682762
0,2,2,1,2.99995682762
1,6,4,1,2.99995682762
2,4,0,1,2.99995682762
0,6,4,1,2.99995682762
1,1,3,1,2.99995682762
2,7,3,1,2.99995682762
0,7,1,1,2.99995682762
1,3,2,1,2.99995682762
2,1,2,1,2.99995682762
0,1,2,1,2.99995682762
1,0,3,0,2.99995682762
2,1,0,1,2.99995682762
0,3,2,1,2.99995682762
1,1,1,0,2.99995682762
2,6,3,1,2.99995682762
0,7,4,1,2.99995682762
1,2,1,1,2.99995682762
2,4,2,1,2.99995682762
0,1,2,1,2.99995682762
1,3,1,1,2.99995682762
2,6,2,1,2.99995682762
0,5,4,1,2.99995682762
1,1,2,1,2.99995682762
2,7,1,1,2.99995682762
0,2,3,1,2.99995682762
1,6,3,1,2.99995682762
2,3,4,1,2.99995682762
0,3,1,1,2.99995682762
1,4,2,1,2.99995682762
2,3,0,1,2.99995682762
0,0,3,0,2.99995682762
1,4,0,1,2.99995682762
2,6,3,1,2.99995682762
0,4,4,1,2.99995682762
1,6,2,1,2.99995682762
2,2,4,1,2.99995682762
0,4,0,1,2.99995682762
1,1,3,1,2.99995682762
2,6,4,1,2.99995682762
0,1,3,1,2.99995682762
1,2,1,1,2.99995682762
2,3,3,1,2.99995682762
0,1,0,1,2.99995682762
1,3,1,1,2.99995682762
2,6,3,1,2.99995682762
0,2,1,1,2.99995682762
1,0,3,0,2.99995682762
2,2,4,1,2.99995682762
0,1,1,1,2.99995682762
1,6,2,1,2.99995682762
2,6,4,1,2.99995682762
0,4,3,1,2.99995682762
1,7,1,1,2.99995682762
2,1,3,1,2.99995682762
0,4,0,1,2.99995682762
1,3,4,1,2.99995682762
2,5,4,1,2.99995682762
0,7,3,1,2.99995682762
1,3,0,1,2.99995682762
2,4,1,1,2.99995682762
0,3,4,1,2.99995682762
1,0,3,0,2.99995682762
2,2,2,1,2.99995682762
0,7,4,1,2.99995682762
1,5,3,1,2.99995682762
2,0,2,0,2.99995682762
0,7,0,1,2.99995682762
1,6,1,1,2.99995682762
2,4,4,1,2.99995682762
0,7,0,1,2.99995682762
1,6,0,1,2.99995682762
2,1,3,1,2.99995682762
0,1,2,1,2.99995682762
1,7,1,1,2.99995682762
2,0,1,0,2.99995682762
0,4,3,1,2.99995682762
1,2,3,1,2.99995682762
2,4,4,1,2.99995682762
0,5,1,1,2.99995682762
1,2,0,1,2.99995682762
2,2,2,1,2.99995682762
0,5,0,1,2.99995682762
1,2,0,1,2.99995682762
2,3,1,1,2.99995682762
0,6,1,1,2.99995682762
1,2,0,1,2.99995682762
2,0,3,0,2.99995682762
0,4,2,1,2.99995682762
1,1,1,1,2.99995682762
2,5,3,1,2.99995682762
0,3,1,1,2.99995682762
1,5,4,1,2.99995682762
2,0,3,0,2.99995682762
0,4,1,1,2.99995682762
1,6,1,1,2.99995682762
2,5,3,1,2.99995682762
0,2,2,1,2.99995682762
1,5,1,1,2.99995682762
2,6,1,1,2.99995682762
0,2,0,1,2.99995682762
1,0,3,0,2.99995682762
2,2,4,1,2.99995682762
0,2,0,1,2.99995682762
1,6,2,1,2.99995682762
2,6,4,1,2.99995682762
0,5,3,1,2.99995682762
1,5,1,1,2.99995682762
2,1,3,1,2.99995682762
0,4,1,1,2.99995682762
1,5,0,1,2.99995682762
2,6,3,1,2.99995682762
0,1,3,1,2.99995682762
1,0,3,0,2.99995682762
2,6,0,1,2.99995682762
0,1,0,1,2.99995682762
1,6,2,1,2.99995682762
2,5,1,1,2.99995682762
0,7,2,1,2.99995682762
1,3,3,1,2.99995682762
2,3,2,1,2.99995682762
0,3,4,1,2.99995682762
1,3,0,1,2.99995682762
2,7,4,1,2.99995682762
0,4,1,1,2.99995682762
1,6,3,1,2.99995682762
2,7,0,1,2.99995682762
0,3,1,1,2.99995682762
1,6,0,1,2.99995682762
2,1,2,1,2.99995682762
0,5,2,1,2.99995682762
1,6,0,1,2.99995682762
2,7,2,1,2.99995682762
0,0,3,0,2.99995682762
1,2,4,1,2.99995682762
2,5,2,1,2.99995682762
0,5,3,1,2.99995682762
1,7,3,1,2.99995682762
2,3,2,1,2.99995682762
0,5,0,1,2.99995682762
1,3,4,1,2.99995682762
2,7,4,1,2.99995682762
0,3,2,1,2.99995682762
1,7,4,1,2.99995682762
2,6,1,1,2.99995682762
0,7,4,1,2.99995682762
1,0,1,0,2.99995682762
2,1,3,1,2.99995682762
0,7,0,1,2.99995682762
1,1,1,0,2.99995682762
2,2,1,1,2.99995682762
0,1,2,1,2.99995682762
1,4,3,1,2.99995682762
2,1,1,1,2.99995682762
0,5,4,1,2.99995682762
1,0,4,0,2.99995682762
2,7,2,1,2.99995682762
0,0,3,0,2.99995682762
1,3,3,1,2.99995682762
2,1,2,1,2.99995682762
0,0,0,1,2.99995682762
1,1,2,1,2.99995682762
2,0,1,0,2.99995682762
0,7,1,1,2.99995682762
1,5,4,1,2.99995682762
2,7,1,1,2.99995682762
0,5,2,1,2.99995682762
1,4,1,1,2.99995682762
2,4,3,1,2.99995682762
0,4,1,1,2.99995682762
1,6,2,1,2.99995682762
2,3,1,1,2.99995682762
0,3,1,1,2.99995682762
1,3,3,1,2.99995682762
2,0,3,0,2.99995682762
0,5,2,1,2.99995682762
1,1,2,1,2.99995682762
2,7,1,1,2.99995682762
0,5,0,1,2.99995682762
1,2,1,1,2.99995682762
2,6,1,1,2.99995682762
0,0,3,0,2.99995682762
1,5,3,1,2.99995682762
2,0,2,0,2.99995682762
0,7,1,1,2.99995682762
1,0,3,0,2.99995682762
2,0,0,1,2.99995682762
0,5,2,1,2.99995682762
1,4,4,1,2.99995682762
2,0,0,1,2.99995682762
0,2,3,1,2.99995682762
1,2,2,1,2.99995682762
2,7,1,1,2.99995682762
0,4,2,1,2.99995682762
1,5,3,1,2.99995682762
2,6,1,1,2.99995682762
0,3,1,1,2.99995682762
1,5,0,1,2.99995682762
2,0,2,0,2.99995682762
0,2,1,1,2.99995682762
1,2,3,1,2.99995682762
2,2,2,1,2.99995682762
0,3,1,1,2.99995682762
1,1,1,1,2.99995682762
2,2,0,1,2.99995682762
0,2,1,1,2.99995682762
1,7,2,1,2.99995682762
2,0,2,0,2.99995682762
0,6,4,1,2.99995682762
1,6,1,1,2.99995682762
2,6,2,1,2.99995682762
0,7,1,1,2.99995682762
1,2,4,1,2.99995682762
2,3,3,1,2.99995682762
0,0,1,0,2.99995682762
1,0,2,0,2.99995682762
2,2,1,1,2.99995682762
0,5,3,1,2.99995682762
1,1,1,0,2.99995682762
2,3,1,1,2.99995682762
0,1,4,1,2.99995682762
1,4,3,1,2.99995682762
2,6,3,1,2.99995682762
0,5,4,1,2.99995682762
1,4,0,1,2.99995682762
2,2,4,1,2.99995682762
0,0,3,0,2.99995682762
1,7,3,1,2.99995682762
2,5,3,1,2.99995682762
0,7,1,1,2.99995682762
1,3,4,1,2.99995682762
2,6,1,1,2.99995682762
0,4,3,1,2.99995682762
1,1,2,1,2.99995682762
2,5,1,1,2.99995682762
0,1,3,1,2.99995682762
1,0,1,0,2.99995682762
2,4,1,1,2.99995682762
0,4,3,1,2.99995682762
1,7,1,1,2.99995682762
2,5,1,1,2.99995682762
0,1,3,1,2.99995682762
1,5,2,1,2.99995682762
2,1,4,1,2.99995682762
0,0,1,0,2.99995682762
1,6,1,1,2.99995682762
2,5,4,1,2.99995682762
0,4,4,1,2.99995682762
1,5,1,1,2.99995682762
2,3,2,1,2.99995682762
0,1,3,1,2.99995682762
1,0,3,0,2.99995682762
2,6,3,1,2.99995682762
0,4,3,1,2.99995682762
1,5,3,1,2.99995682762
2,7,1,1,2.99995682762
0,0,4,0,2.99995682762
1,3,2,1,2.99995682762
2,2,3,1,2.99995682762
0,5,3,1,2.99995682762
1,4,1,1,2.99995682762
2,5,3,1,2.99995682762
0,6,1,1,2.99995682762
1,7,3,1,2.99995682762
2,3,2,1,2.99995682762
0,6,0,1,2.99995682762
1,4,3,1,2.99995682762
2,6,3,1,2.99995682762
0,0,2,0,2.99995682762
1,3,1,1,2.99995682762
2,3,3,1,2.99995682762
0,4,4,1,2.99995682762
1,3,0,1,2.99995682762
2,0,3,0,2.99995682762
0,5,1,1,2.99995682762
1,1,2,1,2.99995682762
2,1,1,0,2.99995682762
0,0,3,0,2.99995682762
1,3,2,1,2.99995682762
2,0,1,0,2.99995682762
0,1,1,0,2.99995682762
1,3,0,1,2.99995682762
2,0,0,1,2.99995682762
0,5,4,1,2.99995682762
1,1,2,1,2.99995682762
2,2,2,1,2.99995682762
0,5,0,1,2.99995682762
1,5,4,1,2.99995682762
2,2,0,1,2.99995682762
0,5,0,1,2.99995682762
1,2,3,1,2.99995682762
2,3,1,1,2.99995682762
0,7,2,1,2.99995682762
1,2,0,1,2.99995682762
2,3,0,1,2.99995682762
0,2,3,1,2.99995682762
1,3,1,1,2.99995682762
2,1,2,1,2.99995682762
0,3,1,1,2.99995682762
1,7,4,1,2.99995682762
2,4,3,1,2.99995682762
0,0,3,0,2.99995682762
1,2,3,1,2.99995682762
2,7,3,1,2.99995682762
0,1,1,0,2.99995682762
1,2,0,1,2.99995682762
2,6,1,1,2.99995682762
0,5,4,1,2.99995682762
1,2,0,1,2.99995682762
2,0,2,0,2.99995682762
0,0,3,0,2.99995682762
1,2,0,1,2.99995682762
2,7,1,1,2.99995682762
0,0,0,1,2.99995682762
1,7,3,1,2.99995682762
2,5,2,1,2.99995682762
0,3,3,1,2.99995682762
1,3,4,1,2.99995682762
2,3,2,1,2.99995682762
0,7,4,1,2.99995682762
1,0,3,0,2.99995682762
2,2,1,1,2.99995682762
0,2,3,1,2.99995682762
1,7,1,1,2.99995682762
2,4,2,1,2.99995682762
0,6,4,1,2.99995682762
1,5,2,1,2.99995682762
2,2,2,1,2.99995682762
0,7,1,1,2.99995682762
1,2,3,1,2.99995682762
2,3,1,1,2.99995682762
0,2,3,1,2.99995682762
1,4,2,1,2.99995682762
2,5,2,1,2.99995682762
0,6,4,1,2.99995682762
1,3,1,1,2.99995682762
2,6,1,1,2.99995682762
0,2,4,1,2.99995682762
1,1,2,1,2.99995682762
2,2,4,1,2.99995682762
0,6,4,1,2.99995682762
1,1,0,1,2.99995682762
2,5,3,1,2.99995682762
0,2,4,1,2.99995682762
1,4,3,1,2.99995682762
2,0,3,0,2.99995682762
0,4,2,1,2.99995682762
1,0,4,0,2.99995682762
2,0,0,1,2.99995682762
0,3,1,1,2.99995682762
1,5,3,1,2.99995682762
2,5,3,1,2.99995682762
0,4,1,1,2.99995682762
1,6,1,1,2.99995682762
2,6,1,1,2.99995682762
0,2,2,1,2.99995682762
1,6,0,1,2.99995682762
2,1,3,1,2.99995682762
0,4,2,1,2.99995682762
1,2,4,1,2.99995682762
2,6,3,1,2.99995682762
0,0,4,0,2.99995682762
1,0,2,0,2.99995682762
2,4,2,1,2.99995682762
0,6,2,1,2.99995682762
1,6,2,1,2.99995682762
2,6,2,1,2.99995682762
0,2,4,1,2.99995682762
1,4,2,1,2.99995682762
2,3,3,1,2.99995682762
0,5,3,1,2.99995682762
1,0,4,0,2.99995682762
2,1,2,1,2.99995682762
0,7,2,1,2.99995682762
1,4,4,1,2.99995682762
2,4,3,1,2.99995682762
0,6,1,1,2.99995682762
1,5,1,1,2.99995682762
2,6,2,1,2.99995682762
0,4,2,1,2.99995682762
1,2,3,1,2.99995682762
2,5,1,1,2.99995682762
0,1,3,1,2.99995682762
1,3,1,1,2.99995682762
2,4,1,1,2.99995682762
0,4,3,1,2.99995682762
1,7,4,1,2.99995682762
2,4,0,1,2.99995682762
0,3,1,1,2.99995682762
1,5,2,1,2.99995682762
2,4,0,1,2.99995682762
0,5,2,1,2.99995682762
1,5,0,1,2.99995682762
2,3,1,1,2.99995682762
0,6,1,1,2.99995682762
1,0,3,0,2.99995682762
2,0,3,0,2.99995682762
0,5,1,1,2.99995682762
1,5,3,1,2.99995682762
2,6,2,1,2.99995682762
0,7,2,1,2.99995682762
1,0,3,0,2.99995682762
2,2,4,1,2.99995682762
0,4,3,1,2.99995682762
1,6,2,1,2.99995682762
2,6,4,1,2.99995682762
0,1,3,1,2.99995682762
1,1,3,1,2.99995682762
2,7,1,1,2.99995682762
0,2,1,1,2.99995682762
1,7,2,1,2.99995682762
2,0,1,0,2.99995682762
0,0,2,0,2.99995682762
1,3,4,1,2.99995682762
2,1,1,0,2.99995682762
0,6,2,1,2.99995682762
1,4,1,1,2.99995682762
2,3,2,1,2.99995682762
0,0,2,0,2.99995682762
1,5,1,1,2.99995682762
2,3,0,1,2.99995682762
0,6,2,1,2.99995682762
1,0,3,0,2.99995682762
2,6,3,1,2.99995682762
0,4,2,1,2.99995682762
1,3,3,1,2.99995682762
2,5,1,1,2.99995682762
0,4,0,1,2.99995682762
1,7,4,1,2.99995682762
2,4,1,1,2.99995682762
0,6,2,1,2.99995682762
1,6,1,1,2.99995682762
2,0,4,0,2.99995682762
0,1,3,1,2.99995682762
1,2,4,1,2.99995682762
2,0,0,1,2.99995682762
0,0,1,0,2.99995682762
1,7,3,1,2.99995682762
2,0,0,1,2.99995682762
0,2,2,1,2.99995682762
1,7,0,1,2.99995682762
2,3,3,1,2.99995682762
0,3,1,1,2.99995682762
1,4,3,1,2.99995682762
2,5,2,1,2.99995682762
0,3,0,1,2.99995682762
1,0,4,0,2.99995682762
2,7,2,1,2.99995682762
0,0,3,0,2.99995682762
1,3,3,1,2.99995682762
2,1,2,1,2.99995682762
0,4,4,1,2.99995682762
1,5,2,1,2.99995682762
2,3,2,1,2.99995682762
0,3,1,1,2.99995682762
1,1,4,1,2.99995682762
2,4,1,1,2.99995682762
0,4,1,1,2.99995682762
1,4,3,1,2.99995682762
2,4,0,1,2.99995682762
0,1,3,1,2.99995682762
1,0,4,0,2.99995682762
2,7,3,1,2.99995682762
0,7,2,1,2.99995682762
1,0,0,1,2.99995682762
2,0,1,0,2.99995682762
0,7,0,1,2.99995682762
1,7,1,1,2.99995682762
2,6,2,1,2.99995682762
0,1,2,1,2.99995682762
1,0,1,0,2.99995682762
2,2,4,1,2.99995682762
0,4,3,1,2.99995682762
1,3,3,1,2.99995682762
2,5,3,1,2.99995682762
0,2,2,1,2.99995682762
1,6,3,1,2.99995682762
2,1,4,1,2.99995682762
0,3,1,1,2.99995682762
1,6,0,1,2.99995682762
2,6,3,1,2.99995682762
0,5,2,1,2.99995682762
1,5,1,1,2.99995682762
2,3,3,1,2.99995682762
0,0,3,0,2.99995682762
1,2,3,1,2.99995682762
2,7,4,1,2.99995682762
0,7,1,1,2.99995682762
1,6,4,1,2.99995682762
2,7,0,1,2.99995682762
0,7,0,1,2.99995682762
1,7,1,1,2.99995682762
2,0,1,0,2.99995682762
0,3,4,1,2.99995682762
1,5,2,1,2.99995682762
2,3,3,1,2.99995682762
0,4,1,1,2.99995682762
1,4,1,1,2.99995682762
2,6,3,1,2.99995682762
0,7,3,1,2.99995682762
1,4,0,1,2.99995682762
2,2,4,1,2.99995682762
0,4,3,1,2.99995682762
1,4,0,1,2.99995682762
2,4,2,1,2.99995682762
0,6,2,1,2.99995682762
1,0,4,0,2.99995682762
2,4,0,1,2.99995682762
0,6,0,1,2.99995682762
1,5,3,1,2.99995682762
2,3,1,1,2.99995682762
0,4,2,1,2.99995682762
1,3,2,1,2.99995682762
2,2,1,1,2.99995682762
0,4,0,1,2.99995682762
1,0,3,0,2.99995682762
2,2,0,1,2.99995682762
0,4,0,1,2.99995682762
1,5,3,1,2.99995682762
2,4,2,1,2.99995682762
0,5,1,1,2.99995682762
1,3,2,1,2.99995682762
2,5,1,1,2.99995682762
0,4,1,1,2.99995682762
1,2,1,1,2.99995682762
2,4,1,1,2.99995682762
0,7,3,1,2.99995682762
1,3,1,1,2.99995682762
2,5,1,1,2.99995682762
0,4,3,1,2.99995682762
1,6,3,1,2.99995682762
2,3,2,1,2.99995682762
0,0,4,0,2.99995682762
1,4,2,1,2.99995682762
2,2,1,1,2.99995682762
0,5,3,1,2.99995682762
1,5,1,1,2.99995682762
2,0,2,0,2.99995682762
0,3,2,1,2.99995682762
1,6,1,1,2.99995682762
2,6,2,1,2.99995682762
0,1,2,1,2.99995682762
1,0,2,0,2.99995682762
2,6,0,1,2.99995682762
0,6,3,1,2.99995682762
1,0,0,1,2.99995682762
2,5,1,1,2.99995682762
0,1,3,1,2.99995682762
1,4,4,1,2.99995682762
2,1,4,1,2.99995682762
0,5,4,1,2.99995682762
1,3,1,1,2.99995682762
2,2,1,1,2.99995682762
0,1,4,1,2.99995682762
1,0,3,0,2.99995682762
2,4,2,1,2.99995682762
0,5,4,1,2.99995682762
1,5,3,1,2.99995682762
2,3,1,1,2.99995682762
0,1,4,1,2.99995682762
1,2,3,1,2.99995682762
2,4,1,1,2.99995682762
0,4,3,1,2.99995682762
1,6,4,1,2.99995682762
2,7,3,1,2.99995682762
0,7,3,1,2.99995682762
1,5,1,1,2.99995682762
2,4,3,1,2.99995682762
0,3,4,1,2.99995682762
1,5,0,1,2.99995682762
2,5,1,1,2.99995682762
0,4,1,1,2.99995682762
1,4,1,1,2.99995682762
2,3,2,1,2.99995682762
0,0,4,0,2.99995682762
1,3,1,1,2.99995682762
2,2,1,1,2.99995682762
0,1,1,0,2.99995682762
1,1,2,1,2.99995682762
2,1,1,1,2.99995682762
0,4,3,1,2.99995682762
1,7,2,1,2.99995682762
2,2,1,1,2.99995682762
0,7,3,1,2.99995682762
1,0,1,0,2.99995682762
2,5,3,1,2.99995682762
0,0,1,0,2.99995682762
1,0,0,1,2.99995682762
2,1,4,1,2.99995682762
0,2,2,1,2.99995682762
1,1,1,0,2.99995682762
2,7,2,1,2.99995682762
0,7,3,1,2.99995682762
1,5,4,1,2.99995682762
2,4,3,1,2.99995682762
0,0,1,0,2.99995682762
1,2,3,1,2.99995682762
2,0,4,0,2.99995682762
0,4,4,1,2.99995682762
1,1,1,1,2.99995682762
2,6,2,1,2.99995682762
0,0,4,0,2.99995682762
1,1,0,1,2.99995682762
2,4,2,1,2.99995682762
0,4,4,1,2.99995682762
1,2,1,1,2.99995682762
2,7,3,1,2.99995682762
0,0,4,0,2.99995682762
1,3,1,1,2.99995682762
2,1,2,1,2.99995682762
0,1,1,0,2.99995682762
1,1,2,1,2.99995682762
2,6,3,1,2.99995682762
0,7,2,1,2.99995682762
1,6,3,1,2.99995682762
2,1,3,1,2.99995682762
0,7,0,1,2.99995682762
1,3,3,1,2.99995682762
2,7,2,1,2.99995682762
0,6,1,1,2.99995682762
1,4,1,1,2.99995682762
2,7,0,1,2.99995682762
0,5,1,1,2.99995682762
1,4,0,1,2.99995682762
2,4,3,1,2.99995682762
0,1,4,1,2.99995682762
1,7,3,1,2.99995682762
2,1,3,1,2.99995682762
0,0,1,0,2.99995682762
1,7,0,1,2.99995682762
2,6,3,1,2.99995682762
0,3,3,1,2.99995682762
1,0,1,0,2.99995682762
2,0,2,0,2.99995682762
0,1,2,1,2.99995682762
1,4,4,1,2.99995682762
2,7,1,1,2.99995682762
0,0,1,0,2.99995682762
1,0,4,0,2.99995682762
2,6,1,1,2.99995682762
0,4,4,1,2.99995682762
1,1,1,0,2.99995682762
2,4,2,1,2.99995682762
0,6,2,1,2.99995682762
1,0,1,0,2.99995682762
2,2,2,1,2.99995682762
0,5,1,1,2.99995682762
1,2,2,1,2.99995682762
2,6,4,1,2.99995682762
0,3,2,1,2.99995682762
1,2,0,1,2.99995682762
2,6,0,1,2.99995682762
0,3,0,1,2.99995682762
1,5,3,1,2.99995682762
2,4,2,1,2.99995682762
0,2,1,1,2.99995682762
1,1,4,1,2.99995682762
2,5,1,1,2.99995682762
0,4,2,1,2.99995682762
1,7,2,1,2.99995682762
2,4,1,1,2.99995682762
0,0,4,0,2.99995682762
1,0,1,0,2.99995682762
2,1,3,1,2.99995682762
0,4,4,1,2.99995682762
1,1,1,0,2.99995682762
2,5,4,1,2.99995682762
0,7,3,1,2.99995682762
1,7,2,1,2.99995682762
2,0,3,0,2.99995682762
0,7,0,1,2.99995682762
1,5,2,1,2.99995682762
2,6,2,1,2.99995682762
0,5,2,1,2.99995682762
1,4,1,1,2.99995682762
2,7,1,1,2.99995682762
0,0,3,0,2.99995682762
1,6,2,1,2.99995682762
2,0,1,0,2.99995682762
0,1,1,0,2.99995682762
1,5,1,1,2.99995682762
2,3,3,1,2.99995682762
0,6,3,1,2.99995682762
1,2,3,1,2.99995682762
2,2,1,1,2.99995682762
0,3,3,1,2.99995682762
1,3,1,1,2.99995682762
2,4,2,1,2.99995682762
0,1,2,1,2.99995682762
1,5,2,1,2.99995682762
2,7,3,1,2.99995682762
0,7,2,1,2.99995682762
1,3,2,1,2.99995682762
2,4,3,1,2.99995682762
0,4,3,1,2.99995682762
1,7,4,1,2.99995682762
2,7,3,1,2.99995682762
0,0,4,0,2.99995682762
1,7,0,1,2.99995682762
2,4,3,1,2.99995682762
0,4,4,1,2.99995682762
1,1,2,1,2.99995682762
2,7,3,1,2.99995682762
0,1,3,1,2.99995682762
1,2,1,1,2.99995682762
2,5,2,1,2.99995682762
0,1,0,1,2.99995682762
1,7,3,1,2.99995682762
2,1,4,1,2.99995682762
0,3,2,1,2.99995682762
1,6,1,1,2.99995682762
2,2,1,1,2.99995682762
0,1,2,1,2.99995682762
1,3,3,1,2.99995682762
2,7,3,1,2.99995682762
0,6,3,1,2.99995682762
1,5,2,1,2.99995682762
2,5,2,1,2.99995682762
0,5,1,1,2.99995682762
1,6,1,1,2.99995682762
2,5,0,1,2.99995682762
0,4,1,1,2.99995682762
1,6,0,1,2.99995682762
2,5,0,1,2.99995682762
0,5,1,1,2.99995682762
1,0,2,0,2.99995682762
2,7,2,1,2.99995682762
0,4,1,1,2.99995682762
1,1,1,0,2.99995682762
2,6,1,1,2.99995682762
0,4,0,1,2.99995682762
1,4,3,1,2.99995682762
2,2,4,1,2.99995682762
0,1,3,1,2.99995682762
1,2,2,1,2.99995682762
2,3,1,1,2.99995682762
0,3,2,1,2.99995682762
1,7,3,1,2.99995682762
2,7,4,1,2.99995682762
0,4,1,1,2.99995682762
1,0,1,0,2.99995682762
2,7,0,1,2.99995682762
0,4,0,1,2.99995682762
1,4,4,1,2.99995682762
2,6,1,1,2.99995682762
0,0,4,0,2.99995682762
1,5,1,1,2.99995682762
2,6,0,1,2.99995682762
0,1,1,0,2.99995682762
1,4,1,1,2.99995682762
2,7,1,1,2.99995682762
0,0,1,0,2.99995682762
1,0,4,0,2.99995682762
2,6,1,1,2.99995682762
0,6,2,1,2.99995682762
1,7,1,1,2.99995682762
2,1,3,1,2.99995682762
0,2,4,1,2.99995682762
1,2,3,1,2.99995682762
2,1,0,1,2.99995682762
0,4,2,1,2.99995682762
1,0,2,0,2.99995682762
2,3,2,1,2.99995682762
0,2,2,1,2.99995682762
1,5,3,1,2.99995682762
2,4,1,1,2.99995682762
0,2,0,1,2.99995682762
1,2,3,1,2.99995682762
2,4,0,1,2.99995682762
0,7,3,1,2.99995682762
1,5,3,1,2.99995682762
2,6,2,1,2.99995682762
0,0,1,0,2.99995682762
1,1,4,1,2.99995682762
2,4,2,1,2.99995682762
0,4,4,1,2.99995682762
1,2,1,1,2.99995682762
2,6,2,1,2.99995682762
0,0,4,0,2.99995682762
1,4,2,1,2.99995682762
2,7,1,1,2.99995682762
0,5,3,1,2.99995682762
1,2,2,1,2.99995682762
2,7,0,1,2.99995682762
0,0,3,0,2.99995682762
1,2,0,1,2.99995682762
2,4,3,1,2.99995682762
0,5,3,1,2.99995682762
1,0,2,0,2.99995682762
2,4,0,1,2.99995682762
0,7,2,1,2.99995682762
1,2,2,1,2.99995682762
2,5,1,1,2.99995682762
0,1,2,1,2.99995682762
1,0,2,0,2.99995682762
2,4,1,1,2.99995682762
0,1,0,1,2.99995682762
1,2,2,1,2.99995682762
2,7,3,1,2.99995682762
0,6,3,1,2.99995682762
1,7,3,1,2.99995682762
2,7,0,1,2.99995682762
0,0,2,0,2.99995682762
1,6,1,1,2.99995682762
2,5,2,1,2.99995682762
0,5,3,1,2.99995682762
1,0,2,0,2.99995682762
2,1,4,1,2.99995682762
0,0,3,0,2.99995682762
1,7,1,1,2.99995682762
2,5,4,1,2.99995682762
0,2,2,1,2.99995682762
1,2,3,1,2.99995682762
2,7,2,1,2.99995682762
0,0,2,0,2.99995682762
1,3,1,1,2.99995682762
2,0,1,0,2.99995682762
0,5,3,1,2.99995682762
1,1,2,1,2.99995682762
2,4,4,1,2.99995682762
0,1,4,1,2.99995682762
1,0,1,0,2.99995682762
2,7,3,1,2.99995682762
0,0,1,0,2.99995682762
1,1,1,0,2.99995682762
2,5,2,1,2.99995682762
0,6,2,1,2.99995682762
1,2,1,1,2.99995682762
2,7,2,1,2.99995682762
0,2,4,1,2.99995682762
1,2,0,1,2.99995682762
2,1,2,1,2.99995682762
0,0,2,0,2.99995682762
1,0,2,0,2.99995682762
2,5,4,1,2.99995682762
0,5,3,1,2.99995682762
1,0,0,1,2.99995682762
2,2,3,1,2.99995682762
0,4,1,1,2.99995682762
1,4,4,1,2.99995682762
2,2,0,1,2.99995682762
0,3,1,1,2.99995682762
1,7,3,1,2.99995682762
2,2,0,1,2.99995682762
0,1,2,1,2.99995682762
1,2,3,1,2.99995682762
2,7,3,1,2.99995682762
0,6,3,1,2.99995682762
1,6,4,1,2.99995682762
2,4,3,1,2.99995682762
0,2,4,1,2.99995682762
1,4,2,1,2.99995682762
2,7,3,1,2.99995682762
0,3,1,1,2.99995682762
1,4,0,1,2.99995682762
2,7,0,1,2.99995682762
0,5,2,1,2.99995682762
1,1,3,1,2.99995682762
2,5,2,1,2.99995682762
0,5,0,1,2.99995682762
1,7,2,1,2.99995682762
2,1,4,1,2.99995682762
0,1,4,1,2.99995682762
1,5,2,1,2.99995682762
2,6,3,1,2.99995682762
0,3,2,1,2.99995682762
1,4,1,1,2.99995682762
2,1,3,1,2.99995682762
0,0,3,0,2.99995682762
1,5,1,1,2.99995682762
2,1,0,1,2.99995682762
0,1,1,0,2.99995682762
1,1,4,1,2.99995682762
2,7,2,1,2.99995682762
0,6,3,1,2.99995682762
1,4,3,1,2.99995682762
2,3,4,1,2.99995682762
0,6,0,1,2.99995682762
1,4,0,1,2.99995682762
2,2,1,1,2.99995682762
0,3,3,1,2.99995682762
1,0,4,0,2.99995682762
2,1,1,1,2.99995682762
0,1,2,1,2.99995682762
1,1,1,0,2.99995682762
2,2,1,1,2.99995682762
0,6,3,1,2.99995682762
1,2,1,1,2.99995682762
2,6,4,1,2.99995682762
0,2,4,1,2.99995682762
1,5,3,1,2.99995682762
2,7,1,1,2.99995682762
0,1,1,1,2.99995682762
1,5,0,1,2.99995682762
2,5,2,1,2.99995682762
0,7,2,1,2.99995682762
1,4,1,1,2.99995682762
2,5,0,1,2.99995682762
0,0,1,0,2.99995682762
1,5,1,1,2.99995682762
2,4,1,1,2.99995682762
0,1,1,0,2.99995682762
1,5,0,1,2.99995682762
ERROR RATE: 0.875
